441195,16.50,0,1,2
584230,5.00,0
439494,42.00,79,78,57,14,13
511623,16.00,68,3
500343,16.00,42,43
526896,16.50,31,30,29
494899,14.00,80
502252,16.00,54,55
508438,14.00,72
508438,14.00,74
556911,51.00,30,31,32,79,80,74
511320,8.00,58
511320,8.00,22
561030,17.00,40,41,42,43
532142,16.00,31,32
556911,8.00,52
532919,24.00,51,52,53
564427,28.00,78,79
438787,16.00,70,69
565751,11.00,4,7
482514,5.00,69
461056,11.00,49,50
461881,22.50,54,55,82
584230,8.00,48
522543,4.25,51
502895,16.00,20,19
500343,12.25,9,10
511016,24.00,5,6,7
570935,16.00,13,14
571373,16.00,55,56
526896,24.00,36,37,38
467180,8.00,31
558686,8.00,36
474136,8.00,21
526052,8.00,2
577312,16.00,36,37
458059,14.00,78
522269,28.00,73,74
490711,42.00,74,76,75
498168,16.50,29,30,31
498168,41.00,80,81,79,8
523756,121.00,72,79,78,75,81,65,64,51,39,40,61,73,50,49,63,27,15
548496,40.00,6,5,3,4,7
548496,8.00,47
526052,24.00,63,66,67
